Distance from Center (cmd=annotatePeaks.pl tss mm9 -size 10000 -hist 20 -len 1 -d 3T3_ChIP_bulk )	3T3_ChIP_bulk Coverage	3T3_ChIP_bulk + Tags	3T3_ChIP_bulk - Tags
-5000	13.86493097	0.003262202	0.003359795
-4980	13.59098815	0.003165181	0.003322127
-4960	13.84780954	0.003329547	0.003265056
-4940	13.7816067	0.003312996	0.003242798
-4920	13.47798674	0.00326791	0.003145777
-4900	13.58870529	0.003258778	0.00322054
-4880	13.85922383	0.00338776	0.003206272
-4860	14.11490379	0.003384335	0.003310142
-4840	13.64006957	0.00329987	0.00321198
-4820	13.29878248	0.00315662	0.003181161
-4800	13.64691814	0.003272475	0.003214833
-4780	13.65833243	0.003256495	0.003223965
-4760	13.93569953	0.003362077	0.003262202
-4740	13.91629525	0.003362077	0.003248505
-4720	14.0350038	0.003346668	0.00332384
-4700	14.03272095	0.003347239	0.003309001
-4680	14.08636808	0.00336436	0.003334112
-4660	14.20051093	0.003388901	0.003340961
-4640	14.07381237	0.003352375	0.003365502
-4620	13.8660724	0.003318132	0.003289026
-4600	13.92428525	0.003354087	0.003295875
-4580	13.88661811	0.003326122	0.003299299
-4560	13.85465812	0.003350663	0.00326848
-4540	13.95282096	0.003295304	0.003345527
-4520	13.97679096	0.003295875	0.003378057
-4500	13.81813241	0.003309001	0.003277041
-4480	13.85123383	0.003316991	0.003290738
-4460	13.71882813	0.003281036	0.00325193
-4440	13.88661811	0.003269622	0.003356941
-4420	13.89574954	0.003278753	0.003328405
-4400	13.87177954	0.003327264	0.003264485
-4380	13.89232525	0.00330843	0.003304435
-4360	13.81699098	0.00331642	0.00325193
-4340	13.61495815	0.003233096	0.003257637
-4320	13.79187955	0.003266768	0.003309572
-4300	13.69371671	0.003241657	0.003250217
-4280	13.83297098	0.003293021	0.003297016
-4260	13.88890097	0.003318703	0.0032759
-4240	13.75307099	0.003262773	0.00331642
-4220	13.68230242	0.003302152	0.003231384
-4200	13.57957387	0.003222252	0.003262202
-4180	13.61952386	0.003246222	0.003247364
-4160	13.5567453	0.003146918	0.003318132
-4140	13.7496467	0.003314708	0.003223965
-4120	13.52592673	0.003243369	0.003196
-4100	13.681161	0.003231955	0.003297016
-4080	13.7256767	0.003247935	0.003293592
-4060	13.657191	0.003262773	0.00324394
-4040	13.83867812	0.00332384	0.003262202
-4020	13.55788673	0.00318858	0.003265627
-4000	13.633221	0.00336436	0.003130938
-3980	13.82269812	0.003348951	0.003249647
-3960	13.47342102	0.003250217	0.003166893
-3940	13.89803239	0.0032525	0.003371209
-3920	13.61267529	0.003207985	0.003257066
-3900	13.85123383	0.003307289	0.003306718
-3880	13.72339385	0.003255925	0.003287314
-3860	13.27823676	0.003093842	0.003239945
-3840	13.32617676	0.003189722	0.003175454
-3820	13.15382107	0.003142352	0.003112675
-3800	13.42319817	0.00311667	0.003280465
-3780	13.42091532	0.003145777	0.003238803
-3760	13.617241	0.003134362	0.003316991
-3740	13.55217958	0.003194287	0.00325193
-3720	13.17094249	0.003080715	0.00321198
-3700	13.47570388	0.003194858	0.003207985
-3680	13.76334384	0.003312425	0.003245652
-3660	13.40950103	0.003217116	0.003189722
-3640	13.4642896	0.003323269	0.00306816
-3620	13.59327101	0.003380911	0.003105256
-3600	13.56815958	0.003340961	0.003126372
-3580	13.59555386	0.003278182	0.003186868
-3560	13.58756387	0.003190863	0.003262202
-3540	13.84096097	0.003278182	0.003297016
-3520	13.77818241	0.003286743	0.003249076
-3500	13.73823242	0.003255925	0.003282177
-3480	13.673171	0.003221682	0.003270192
-3460	13.89803239	0.003271905	0.003344956
-3440	13.55788673	0.003218828	0.003249076
-3420	13.68915099	0.003238232	0.003293021
-3400	13.90830525	0.00326049	0.003355229
-3380	13.23372106	0.00311667	0.003209126
-3360	13.57729101	0.003230242	0.00324451
-3340	13.4243396	0.003216545	0.003173171
-3320	13.35699533	0.003234237	0.003157191
-3300	13.70855528	0.003319845	0.003199995
-3280	13.43689531	0.003253642	0.003153196
-3260	13.64691814	0.0032759	0.003216545
-3240	13.58642244	0.003234808	0.003226247
-3220	13.61153386	0.003298157	0.003202848
-3200	13.95510382	0.0033324	0.003310142
-3180	13.64349386	0.00324451	0.003242798
-3160	13.71882813	0.003249076	0.003283319
-3140	13.59441244	0.003262202	0.003209697
-3120	13.83525383	0.003214262	0.003362077
-3100	13.51222959	0.00319657	0.003266197
-3080	13.87862811	0.003301582	0.003316991
-3060	13.7416567	0.003262773	0.003275329
-3040	13.59669529	0.003202848	0.003262202
-3020	13.70170671	0.00321255	0.003298157
-3000	13.52136102	0.003266768	0.003159474
-2980	13.55902816	0.003249076	0.003199995
-2960	13.86721383	0.003376916	0.003234808
-2940	13.88661811	0.00336379	0.003232525
-2920	13.65376671	0.003286743	0.003254783
-2900	13.82269812	0.003433417	0.00314064
-2880	13.97336667	0.003407735	0.003251359
-2860	14.09435808	0.003371209	0.003335825
-2840	13.98820524	0.00339632	0.003257637
-2820	14.15257093	0.003467089	0.003281036
-2800	14.44477661	0.003506468	0.003400315
-2780	14.35346233	0.003417437	0.003379199
-2760	14.52581802	0.003631455	0.003294733
-2740	14.72442657	0.003594929	0.003403169
-2720	14.45733232	0.00351617	0.003358653
-2700	14.79291227	0.003542994	0.003478503
-2680	14.81574084	0.003570388	0.003456245
-2660	14.26899663	0.003383194	0.00338776
-2640	14.79177084	0.003596641	0.003455104
-2620	15.08625938	0.00358751	0.003589792
-2600	15.16501794	0.003686814	0.003517312
-2580	15.05201652	0.003599495	0.003553267
-2560	15.02233938	0.00365942	0.00349163
-2540	15.04859224	0.003669692	0.003503615
-2520	14.84998369	0.003673687	0.003401457
-2500	15.08511795	0.003698799	0.003503615
-2480	14.87395369	0.003609197	0.00346766
-2460	14.91504511	0.003680536	0.003420861
-2440	15.52456789	0.003786118	0.003615475
-2420	15.730025	0.003825497	0.003655425
-2400	15.61930645	0.003925372	0.003549272
-2380	16.03706925	0.004002989	0.00359607
-2360	16.03478639	0.00392366	0.003720486
-2340	15.98228068	0.004000136	0.003632596
-2320	16.26763779	0.004004131	0.003729047
-2300	16.17061637	0.003994999	0.003726193
-2280	16.2801935	0.004023535	0.003679394
-2260	16.1877378	0.003925943	0.003753587
-2240	16.76415915	0.004093162	0.003889417
-2220	16.83606914	0.004053212	0.003972171
-2200	16.830362	0.004105147	0.003923089
-2180	17.30405479	0.004175916	0.004055495
-2160	17.15224481	0.004205022	0.003924231
-2140	17.69556474	0.004316882	0.004097157
-2120	17.50380476	0.004303756	0.004014404
-2100	18.01630612	0.004431596	0.004158794
-2080	18.00032612	0.004486955	0.004096587
-2060	18.41352321	0.004668442	0.00410743
-2040	17.88732471	0.004485243	0.004022964
-2020	18.17268181	0.004529188	0.004148522
-2000	18.47287749	0.004594249	0.004211871
-1980	19.00592456	0.004712958	0.00430718
-1960	19.27872595	0.004767746	0.00441904
-1940	19.11550168	0.004734645	0.0043711
-1920	19.70105446	0.004925264	0.004430454
-1900	19.85971301	0.005040548	0.004420752
-1880	20.15077726	0.00500231	0.00457085
-1860	19.84944016	0.00497035	0.004470975
-1840	20.3893358	0.005107892	0.004607947
-1820	20.71920861	0.005247717	0.004623356
-1800	20.90297858	0.005232308	0.004737499
-1780	21.65517991	0.005495978	0.004840227
-1760	21.64833134	0.0054098	0.004870475
-1740	21.6346342	0.005468584	0.004852212
-1720	21.89602131	0.005479427	0.004950946
-1700	21.95765844	0.005465159	0.005022856
-1680	22.59115121	0.005634661	0.005131862
-1660	23.05913686	0.005830987	0.005127296
-1640	23.2737254	0.005914311	0.005143276
-1620	23.73486249	0.006020464	0.005300223
-1600	24.57837808	0.006253886	0.005418931
-1580	24.5429938	0.006364605	0.005333324
-1560	25.39335797	0.006425101	0.005639798
-1540	25.7597565	0.006604876	0.005653495
-1520	26.36471356	0.006820035	0.005683172
-1500	27.00619633	0.006975269	0.005876644
-1480	27.53581911	0.007121372	0.005979373
-1460	27.95244048	0.007188716	0.006128329
-1440	27.94559191	0.007221818	0.006084384
-1420	29.45912599	0.00770293	0.006327508
-1400	29.37694315	0.007601343	0.006364605
-1380	30.21703446	0.007853028	0.006550658
-1360	30.79802152	0.007944912	0.006714453
-1340	31.62327427	0.008320442	0.006752691
-1320	32.92450266	0.00847054	0.007202413
-1300	32.9701598	0.008597239	0.007118518
-1280	33.95977824	0.008884308	0.007266904
-1260	35.13430808	0.009221029	0.007516877
-1240	35.86710512	0.009408794	0.00768695
-1220	37.08615067	0.009739238	0.007958039
-1200	38.27209479	0.01012447	0.008138955
-1180	38.78231329	0.010293972	0.008113844
-1160	39.92260028	0.010564491	0.008418605
-1140	40.62686162	0.010804761	0.008569845
-1120	42.27051853	0.011252772	0.00885406
-1100	43.20991412	0.011459941	0.009126862
-1080	44.9243396	0.011948473	0.009428769
-1060	46.43216654	0.012390776	0.009739809
-1040	47.70143494	0.012818812	0.009925291
-1020	49.07685618	0.013144119	0.010162708
-1000	50.65659311	0.013510517	0.01065181
-980	52.36188716	0.014126889	0.010791064
-960	54.67099685	0.0147113	0.011344086
-940	56.4082509	0.015034895	0.011831476
-920	57.71975215	0.015590771	0.011916513
-900	59.9832047	0.015964018	0.012510055
-880	61.87569301	0.016534161	0.012943798
-860	63.34356995	0.016919964	0.013190917
-840	66.38319383	0.017688145	0.01389632
-820	67.98119361	0.018063675	0.014289542
-800	70.47635613	0.018822725	0.014752962
-780	72.471573	0.019358055	0.015198119
-760	75.02837265	0.019970432	0.015765409
-740	77.33976519	0.020730623	0.01610156
-720	80.31546907	0.021458284	0.016720214
-700	82.24790738	0.021931976	0.017249837
-680	85.13001413	0.023075688	0.017528916
-660	88.15594086	0.023625856	0.018356452
-640	90.52098054	0.024258207	0.018788482
-620	93.41107729	0.025060061	0.019437955
-600	96.63332971	0.02588246	0.020186732
-580	100.2699206	0.027031878	0.020780846
-560	103.6006088	0.027955294	0.021315034
-540	106.2624198	0.02828745	0.022273263
-520	109.5565822	0.02920687	0.022938145
-500	112.2880204	0.02989344	0.023637841
-480	115.5136971	0.030534922	0.024526443
-460	117.5910969	0.03068502	0.025231846
-440	120.3567779	0.031131889	0.026110175
-420	121.8988477	0.031438363	0.026592999
-400	124.3506359	0.031701462	0.027483313
-380	126.5193499	0.031993097	0.028245217
-360	129.8203609	0.032481058	0.029359822
-340	131.9491249	0.033132243	0.029856343
-320	131.962822	0.03254669	0.030283237
-300	132.9136319	0.032767556	0.030568594
-280	132.0084792	0.031607294	0.031167844
-260	129.5475595	0.030154256	0.031476601
-240	124.3803131	0.027644826	0.031563349
-220	119.5007066	0.02515537	0.031760816
-200	114.4829873	0.021749348	0.032665398
-180	109.0372323	0.019006495	0.032836613
-160	102.5447875	0.016250516	0.032519296
-140	98.28954234	0.014933308	0.031866969
-120	94.59017284	0.014344902	0.03067703
-100	92.07560604	0.015316828	0.028666975
-80	90.80405479	0.017538048	0.025804272
-60	92.90770736	0.021711681	0.022731547
-40	98.24274378	0.027705321	0.019340363
-20	107.9871182	0.035019024	0.016648304
0	122.6247962	0.044120203	0.014605147
20	133.422709	0.049947195	0.01365605
40	148.8125883	0.056339765	0.014670209
60	158.824057	0.058607783	0.017087754
80	165.8175889	0.058652299	0.020210132
100	175.7788347	0.057887542	0.025494945
120	184.9045548	0.055582998	0.032253913
140	196.1008262	0.053772693	0.03937072
160	207.6269703	0.052489727	0.046165643
180	219.6804544	0.051560604	0.052858979
200	229.7330145	0.051701	0.057613029
220	237.0073378	0.052450919	0.060455756
240	240.1816502	0.053896538	0.060561338
260	236.4446135	0.054086015	0.058510191
280	232.1425698	0.05381835	0.056760952
300	225.658115	0.05269975	0.054742907
320	221.9290684	0.051579438	0.0541545
340	219.0823459	0.050279351	0.054080878
360	218.7912817	0.049491195	0.054720078
380	219.6930101	0.049184721	0.055283373
400	220.8755299	0.048828595	0.05630381
420	220.0902272	0.048740706	0.056100636
440	218.5139146	0.047999348	0.056029297
460	212.4963039	0.046779161	0.054367377
480	207.082509	0.045486493	0.053176296
500	203.3603109	0.044680074	0.052146157
520	198.3540059	0.043611126	0.050820388
540	196.0574519	0.042813838	0.050539026
560	192.7781281	0.041642162	0.050105283
580	189.0136971	0.040606887	0.04939132
600	187.2947059	0.040106941	0.049145342
620	182.3934123	0.038601397	0.048231628
640	177.2592673	0.037544434	0.046926976
660	172.4435808	0.036676378	0.045274187
680	169.0250027	0.035634824	0.044833596
700	163.582672	0.034769051	0.043115746
720	158.7966627	0.033337129	0.042336721
740	153.4536363	0.032021062	0.040949886
760	150.3421024	0.031297967	0.040403712
780	146.8938472	0.030792885	0.039262855
800	142.2139907	0.02956585	0.038093461
820	139.4802696	0.028883275	0.037501631
840	135.9247201	0.028340526	0.036380748
860	129.9744537	0.027151728	0.034696
880	126.4542885	0.026512529	0.033738341
900	121.7093706	0.025363681	0.032588352
920	118.5875639	0.024629172	0.031841858
940	114.7477987	0.023726872	0.030927574
960	112.3302533	0.023111643	0.030425345
980	108.969888	0.022469018	0.02944657
1000	105.6232199	0.021611235	0.028700076
1020	102.4146646	0.021107865	0.027621997
1040	98.45733232	0.020582237	0.026400098
1060	95.55125557	0.019943608	0.025541173
1080	92.61778454	0.019211952	0.024928797
1100	89.78247636	0.018638955	0.024111534
1120	87.27133384	0.018198364	0.023321095
1140	85.19735841	0.01772353	0.0228377
1160	82.51728449	0.017105446	0.022163686
1180	79.75160344	0.016635178	0.021345282
1200	77.37857376	0.015986276	0.020847049
1220	74.9621698	0.015582781	0.020092564
1240	72.89846722	0.015192983	0.019541254
1260	70.87243179	0.014691896	0.019062996
1280	67.97320361	0.01409607	0.018287395
1300	67.00184803	0.014109767	0.017765192
1320	65.10365257	0.01371198	0.017237852
1340	63.20317426	0.013205756	0.016824655
1360	60.47516034	0.012639608	0.016195157
1380	59.38395478	0.012515192	0.015740298
1400	57.18213936	0.012155071	0.015067426
1420	55.71312099	0.011594059	0.01489507
1440	54.77600826	0.011464507	0.014655941
1460	52.99652136	0.011245923	0.01398421
1480	51.94298293	0.010978259	0.013742227
1500	50.47738885	0.010719154	0.013249701
1520	49.51288183	0.010509131	0.013071638
1540	48.04842918	0.010199804	0.01264931
1560	47.01429503	0.010174122	0.012238395
1580	45.43912382	0.009673606	0.011965594
1600	44.3296554	0.009520084	0.011622024
1620	43.6105555	0.009335743	0.011433118
1640	42.97934558	0.009146837	0.011309843
1660	41.36764866	0.008799272	0.010836151
1680	40.6222959	0.008661159	0.010724291
1700	39.49114034	0.008540738	0.010303104
1720	38.61452332	0.008285058	0.010133601
1740	37.96162626	0.008241684	0.009913877
1760	37.15463637	0.008026525	0.009659338
1780	36.3522122	0.00792722	0.009352864
1800	35.54636374	0.007629878	0.009243858
1820	35.02929666	0.007571665	0.009091477
1840	34.04766822	0.00747921	0.008733069
1860	33.64360257	0.007350228	0.008658876
1880	33.16420263	0.007213257	0.008620067
1900	32.28644418	0.007086558	0.008299897
1920	31.28198717	0.006727008	0.008176622
1940	30.53777585	0.006588325	0.007955185
1960	30.23187303	0.006667083	0.00775943
1980	29.6280574	0.006436515	0.007657273
2000	29.45570171	0.006498152	0.007573948
2020	28.58821611	0.006263588	0.007305713
2040	28.36335471	0.006176269	0.00731199
2060	27.78693336	0.006037586	0.0071676
2080	27.06669203	0.005946842	0.006939314
2100	26.56446353	0.005933716	0.006745842
2120	25.95722361	0.005659773	0.006685346
2140	25.52348081	0.005619252	0.006530683
2160	25.58055223	0.005671758	0.006532395
2180	24.32269812	0.005343026	0.006302397
2200	24.47793238	0.005445184	0.006220785
2220	24.20513099	0.005325905	0.006178552
2240	23.75198391	0.005289379	0.006042722
2260	22.61169692	0.005014295	0.005715132
2280	22.29894554	0.004955511	0.005655207
2300	22.50326122	0.004948663	0.005772774
2320	22.24872269	0.004970921	0.005646076
2340	21.74078704	0.004877894	0.005476574
2360	21.71339276	0.004859061	0.005492554
2380	20.77856289	0.004585118	0.005287667
2400	20.93037287	0.004758044	0.005175236
2420	20.86987716	0.004646184	0.005284243
2440	20.18387868	0.004467551	0.005152408
2460	20.05033156	0.004564002	0.005005164
2480	19.73758017	0.00432316	0.005099331
2500	19.89281444	0.004516062	0.0050103
2520	19.21480596	0.004306039	0.004867051
2540	19.0196217	0.004320877	0.0047706
2560	18.88379172	0.004337999	0.004675291
2580	19.06299598	0.004294624	0.004795711
2600	18.25372323	0.004141673	0.004542314
2620	18.35759322	0.004097728	0.004631346
2640	17.87819328	0.004072617	0.004443581
2660	17.71154473	0.00397959	0.004493233
2680	17.35313621	0.003886564	0.004401919
2700	17.36340907	0.003990434	0.004287205
2720	17.54603761	0.004010979	0.004348272
2740	17.18192195	0.003768426	0.004373383
2760	16.89542342	0.003850609	0.00422728
2780	16.71165344	0.003798674	0.004142814
2800	16.09642352	0.003697087	0.003991004
2820	16.0713121	0.003669692	0.003982444
2840	15.81905642	0.003608626	0.003927655
2860	15.99597782	0.003704506	0.003903685
2880	15.53940646	0.003586939	0.003831775
2900	15.23692793	0.003445972	0.003803239
2920	15.65697358	0.003642869	0.003821502
2940	15.65811501	0.003646293	0.003815795
2960	15.20268507	0.003486493	0.003717062
2980	15.55766931	0.003527585	0.003887705
3000	14.9424394	0.003330117	0.003768426
3020	14.89792369	0.003377487	0.003722198
3040	14.47217089	0.003293592	0.003586368
3060	14.30438091	0.003168035	0.003657137
3080	14.3842809	0.003273046	0.003614904
3100	13.95282096	0.003150342	0.003502473
3120	13.9984781	0.00318059	0.003486493
3140	14.05669094	0.003186868	0.003532721
3160	13.35357104	0.003039053	0.003315279
3180	13.72681813	0.003154908	0.00338034
3200	13.53619959	0.00313208	0.003290167
3220	13.52021959	0.003093271	0.003354087
3240	13.33530819	0.003059599	0.003278182
3260	13.33074247	0.003110963	0.00325992
3280	13.26225677	0.003081286	0.00322853
3300	13.22687249	0.003033346	0.003250788
3320	13.1469725	0.003111534	0.003136645
3340	12.93238395	0.002987689	0.003162898
3360	12.96548538	0.003017937	0.003166322
3380	12.91640396	0.003005952	0.003143494
3400	12.3719426	0.002814192	0.003045902
3420	12.89699967	0.002915779	0.003219399
3440	12.81481683	0.002934042	0.003173171
3460	12.4963583	0.002903794	0.003055033
3480	12.51462115	0.002895804	0.003096695
3500	12.16191977	0.00286042	0.002933471
3520	12.37080117	0.002799924	0.003091559
3540	12.37536689	0.002850717	0.003039624
3560	12.08430264	0.002782232	0.00295687
3580	12.12082835	0.002856995	0.00292434
3600	11.99184694	0.002822752	0.002882107
3620	12.11968692	0.002854712	0.002910072
3640	12.09115121	0.002794217	0.002960295
3660	11.89254267	0.002785085	0.002903223
3680	12.03636265	0.002829601	0.002917491
3700	11.71676269	0.002682357	0.002905506
3720	11.7373084	0.00270062	0.002895804
3740	11.65398413	0.002745135	0.002798212
3760	11.48961844	0.002747989	0.0027166
3780	11.72475269	0.002704044	0.00289238
3800	11.4679313	0.00265325	0.002810197
3820	11.69393412	0.002713175	0.002861561
3840	11.69050984	0.002695483	0.002888955
3860	11.58549842	0.002689205	0.002833596
3880	11.35378846	0.002690347	0.002714887
3900	11.43711273	0.002647543	0.00281248
3920	11.27160561	0.002625285	0.002744565
3940	11.49874986	0.002650967	0.002809626
3960	11.23736276	0.002558512	0.00281248
3980	10.79905425	0.00244551	0.00270119
4000	11.14148277	0.002654962	0.00267665
4020	11.09240135	0.002577345	0.002663523
4040	11.12550277	0.002560224	0.002726302
4060	10.84813567	0.002526552	0.002616154
4080	10.95542994	0.002547098	0.002698907
4100	11.05701707	0.002569926	0.00270861
4120	11.09582563	0.002660099	0.002609876
4140	10.67007283	0.002531688	0.00252541
4160	10.63012284	0.002504865	0.002550522
4180	10.56620285	0.002504294	0.00250087
4200	10.45206001	0.002471763	0.002517991
4220	10.69746712	0.002470622	0.002618437
4240	10.76937711	0.002516279	0.002646972
4260	10.66664855	0.002475188	0.002581911
4280	10.53766714	0.002433525	0.00260474
4300	10.66778998	0.002560224	0.00250144
4320	10.62898141	0.002480324	0.002571068
4340	10.84014567	0.00259675	0.002569355
4360	10.57875856	0.00254938	0.002491168
4380	10.24089575	0.002422682	0.002439233
4400	10.74198282	0.00257335	0.002536254
4420	10.55136428	0.002497445	0.002533971
4440	10.37444287	0.002447793	0.002510572
4460	10.46575715	0.002408985	0.002568214
4480	10.67577998	0.00248489	0.002615013
4500	10.68262855	0.002462061	0.002618437
4520	10.6929014	0.002488885	0.002579058
4540	10.63012284	0.002515138	0.002543103
4560	10.66893141	0.002474046	0.00258933
4580	10.46461572	0.002470622	0.002496304
4600	10.96456137	0.002616154	0.002626427
4620	10.45662572	0.002462632	0.002523698
4640	10.28541146	0.002468339	0.00244551
4660	10.22605718	0.00234906	0.002513425
4680	10.27742146	0.002414121	0.002472905
4700	10.07881291	0.002268018	0.002504865
4720	10.38243287	0.002386727	0.002538537
4740	10.17241004	0.002350201	0.002502582
4760	10.02288292	0.002374171	0.002415833
4780	10.33335145	0.002396429	0.002551093
4800	9.90874008	0.002239483	0.002474046
4820	10.43493858	0.002434096	0.002537966
4840	10.45776715	0.002454642	0.002531688
4860	10.21007718	0.002442657	0.002431813
4880	10.14844005	0.002450647	0.00240499
4900	10.17126862	0.002504294	0.002335933
4920	9.929285792	0.002326231	0.002388439
4940	10.14844005	0.002370176	0.002467198
4960	9.866507229	0.002338216	0.002377025
4980	10.16327862	0.002383303	0.002467198
5000	10.57533428	0.002432384	0.002603028